106
108
109
111
112
114
1697
1698
1714
1722
1724
1726
1727
1730
1740
1743
1775
1778
1783
1792
1798
1800
1801
1802
1805
1807
1809
1811
1818
1819
1824
1832
1835
1845
1857
1859
1862
1864
1867
1872
1880
1894
1899
1904
1906
1908
1909
1929
1931
1934
1935
1939
1940
1956
1962
1965
1966
1978
1982
1983
1985
1987
1991
1997
1998
2001
2005
2009
201
2011
202
2032
2034
2042
2044
2045
2048
2050
2054
2059
2064
2070
2072
2075
2081
2085
2088
2097
2098
210
2101
2104
2109
2111
2112
2117
2118
212
2121
2128
2129
213
2130
2138
214
2141
2143
2144
2147
2148
2149
215
2157
216
2166
2171
2179
2185
2187
2191
2194
2196
2202
2205
2209
2213
2241
2242
2250
2254
2263
2265
2271
2272
2274
2275
2280
2284
2285
2291
2292
2304
2306
2308
2309
2322
2328
2330
2336
2337
2340
2346
2349
2352
2353
2363
2368
2371
2390
2393
2408
2414
2416
2427
2431
2434
2436
2438
303
306
307
308
408
410
411
412
413
414
416
503
504
510
517
520
601
603
606
9293
9295
9333
9346
9348
9351
9356
9358
9361
9362
9365
9374
9377
9382
9383
9410
9412
9418
9422
9424
9425
9427
9428
9431
9432
9449
9452
9455
9458
9459
9471
9481
9484
9489
9494
9501
9510
9516
9520
9521
9573
9575
9576
9579
9595
9599
9602
9604
9606
9611
9614
9615
9617
9634
9644
9650
9652
9653
9656
9657
9658
9660
9662
9664
9668
9670
9671
9673
9674
9678
9687
9688
9695
9700
9702
9705
9707
9712
9713
9722
9723
9724
9731
9734
9736
9745
9756
9768
9779
9784
9785
9793
9794
9795
9797
9809
9815
9816
9835
9848
9854
9856
9870
9874
9877
9878
9884
9885
9901
9905
9909
