215
412
1727
9481
9422
2044
9431
410
9333
9459
2042
1743
9688
2143
1801
9521
9670
2275
9604
9874
1998
2349
9617
9383
210
1940
2202
9660
9795
1997
1714
2328
9452
9346
9494
510
114
9611
9501
9295
1857
9516
503
9816
1698
1908
2138
9602
308
213
1965
9809
2438
1809
2005
9909
9576
2274
1983
9877
9815
2070
2147
303
9484
1798
1909
2436
9520
413
1811
9428
9687
1864
2109
2414
2101
9656
2393
9382
9644
9606
2048
9573
9377
9736
212
1906
9634
9700
2309
2254
1962
2284
1783
9673
9658
2179
2187
2032
2291
9856
9489
9848
9449
2352
2390
1845
2075
9293
1985
2353
9793
2149
1800
1819
2322
1775
1966
2045
2241
9615
9724
2408
2209
2371
2148
9657
112
2118
9794
1987
2009
2280
9471
2340
9870
1880
601
1730
2144
9878
111
2368
2213
1805
1824
2050
9779
