2109
2414
2101
9656
2393
9382
9644
9606
2048
9573
9377
9736
212
1906
9634
9700
2309
2254
1962
2284
1783
9673
9658
2179
2187
2032
2291
9856
9489
9848
9449
2352
2390
1845
2075
9293
1985
2353
9793
2149
1800
1819
2322
1775
1966
2045
2241
9615
9724
2408
2209
2371
2148
9657
112
2118
9794
1987
2009
2280
9471
2340
9870
1880
601
1730
2144
9878
111
2368
2213
1805
1824
2050
9779
9722
1792
9884
9575
9712
2064
1939
109
9664
214
9756
2088
1724
9348
1982
1894
1740
2363
1935
9427
9579
2205
9374
1991
9425
9510
2263
9424
517
1904
2166
2285
9358
9458
2337
2157
9662
2121
9455
2111
9705
2416
1862
416
216
106
2112
2117
9885
9695
9614
2011
1934
1931
2085
9901
2304
1802
9734
2336
2308
2054
504
2129
9418
2265
9723
9905
9362
1697
201
9412
2081
307
2196
2292
9671
9745
2306
9674
2104
2072
9797
1726
2191
2130
1859
1978
306
9595
2001
108
2194
9707
606
1899
2141
2271
2059
1778
9702
9599
1867
2272
1956
2431
9678
2250
1818
520
2427
2346
9653
9410
1832
1835
2242
603
9784
9731
2330
9768
414
2128
9365
9652
2171
9713
2034
1807
2434
9835
411
9854
1872
9356
2098
202
2097
9650
9785
9432
1722
9361
9668
9351
2185
1929
408
